Time	Thermocouple1	Thermocouple2	Thermocouple3	Thermocouple4	Thermocouple5	Thermocouple6	Thermocouple7	Thermocouple8	Thermocouple9	Thermocouple10	Thermocouple11	Thermocouple12	Thermocouple13	Thermocouple14
seconds	Celsius	Celsius	Celsius	Celsius	Celsius	Celsius	Celsius	Celsius	Celsius	Celsius	Celsius	Celsius	Celsius	Celsius
77.62076	21.27105	21.07285	20.83062	20.55713	20.71317	21.06918	21.2894	21.45089	21.15361	20.99212	20.80126	20.51498	20.48562	20.87834
80.12101	21.26753	21.07301	20.83444	20.55729	20.70966	21.07668	21.28955	21.44737	21.15376	20.99594	20.80508	20.52247	20.48577	20.87849
82.62126	21.26752	21.07299	20.83076	20.56475	20.71698	21.07667	21.29321	21.44736	21.15375	20.98859	20.80141	20.5188	20.48944	20.87481
85.12151	21.26767	21.07315	20.83091	20.56117	20.71347	21.07315	21.29336	21.45119	21.1539	20.98874	20.80156	20.51528	20.48959	20.86762
87.62076	21.27509	21.07323	20.83834	20.56872	20.71722	21.08424	21.30078	21.45126	21.16132	20.98882	20.80897	20.51535	20.48966	20.88238
90.12101	21.26414	21.08063	20.83105	20.56131	20.71727	21.07329	21.2935	21.45132	21.15405	20.98889	20.79804	20.5191	20.4824	20.88245
92.62126	21.26789	21.07337	20.84214	20.55766	20.71368	21.07704	21.30092	21.44406	21.15779	20.98529	20.80178	20.51183	20.48614	20.87152
95.12151	21.26797	21.07345	20.83488	20.56148	20.71009	21.07712	21.29366	21.44414	21.15053	20.97435	20.79451	20.51191	20.48254	20.87526
97.62176	21.26797	21.07345	20.83855	20.56148	20.70642	21.07345	21.28999	21.44414	21.15787	20.9817	20.80552	20.51925	20.48621	20.86792
100.12201	21.26085	21.06632	20.83143	20.5505	20.70297	21.07367	21.29388	21.44436	21.15809	20.98559	20.80208	20.5158	20.48643	20.87915
102.62226	21.26459	21.07741	20.8315	20.55805	20.71773	21.08108	21.30497	21.44811	21.15449	20.98199	20.80215	20.5122	20.48651	20.88289
105.12151	21.26099	21.06279	20.83157	20.55064	20.70678	21.06646	21.28301	21.44083	21.16191	20.98573	20.80222	20.51594	20.47924	20.8793
107.62176	21.26106	21.06654	20.82798	20.55446	20.71053	21.07021	21.28676	21.44458	21.15464	20.98948	20.8023	20.51235	20.47931	20.87937
110.12201	21.26106	21.06654	20.82431	20.55446	20.71053	21.07388	21.29043	21.44091	21.15831	20.98948	20.81331	20.51602	20.494	20.88671
112.62226	21.26495	21.08144	20.83186	20.56588	20.71441	21.08144	21.29798	21.4558	21.15486	20.99337	20.80986	20.51624	20.48688	20.87592
115.12251	21.25769	21.06684	20.8246	20.56223	20.71082	21.06684	21.28705	21.4412	21.15126	20.99344	20.80993	20.51631	20.48328	20.87599
117.62276	21.26159	21.06707	20.82483	20.55873	20.70372	21.07074	21.28728	21.44878	21.15149	20.97532	20.80282	20.51287	20.48718	20.87255
120.12301	21.25798	21.06346	20.83224	20.55506	20.70745	21.07447	21.29102	21.44517	21.1589	20.99007	20.80289	20.51661	20.48725	20.8763
122.62226	21.26548	21.0783	20.83606	20.55896	20.70761	21.07096	21.2875	21.44165	21.15538	20.99022	20.79936	20.5241	20.48739	20.87644
125.12251	21.26195	21.06376	20.82886	20.55537	20.70407	21.0711	21.28397	21.43812	21.14819	20.98669	20.80318	20.50222	20.47653	20.87292
127.62276	21.26945	21.07493	20.82902	20.55179	20.71157	21.06392	21.2878	21.44195	21.14832	20.98683	20.79964	20.51337	20.48767	20.88406
130.12301	21.25858	21.06405	20.82549	20.56314	20.70437	21.06772	21.28794	21.43842	21.15213	20.98697	20.80346	20.51351	20.48415	20.88054
132.62326	21.25872	21.06786	20.8293	20.55955	20.70084	21.06419	21.27707	21.43489	21.15595	20.98712	20.80728	20.521	20.49164	20.87701
135.12351	21.25887	21.06802	20.82211	20.5485	20.69732	21.06435	21.28089	21.43871	21.15977	20.98727	20.80376	20.52115	20.48812	20.87716
137.62376	21.25903	21.07185	20.83328	20.55987	20.70849	21.07919	21.28839	21.44254	21.15625	20.98742	20.8039	20.51395	20.48092	20.87364
140.12301	20.93081	20.93081	20.93081	20.93081	20.93081	20.93081	20.93081	20.93081	20.93081	20.93081	20.93081	20.93081	20.93081	20.93081
142.62326	20.93095	20.93462	20.91994	20.93469	20.93462	20.92728	20.93095	20.93095	20.94196	20.93829	20.94196	20.93095	20.9383	20.93829
145.12351	20.92384	20.93852	20.92384	20.92746	20.93852	20.93118	20.92751	20.93118	20.93118	20.93485	20.92751	20.92384	20.93118	20.92751
147.62376	20.93132	20.93866	20.92765	20.93133	20.93866	20.93131	20.93131	20.92765	20.93133	20.93133	20.92399	20.92032	20.93133	20.93133
150.12401	20.92781	20.93515	20.92781	20.93149	20.93515	20.93514	20.92781	20.93148	20.9278	20.92413	20.9278	20.92413	20.92413	20.9278
152.62426	20.9206	20.93529	20.92427	20.9279	20.92428	20.92427	20.92795	20.92427	20.92428	20.92061	20.92061	20.92061	20.93162	20.92061
155.12451	20.92441	20.92808	20.92441	20.92058	20.92441	20.92074	20.92808	20.92441	20.9281	20.92443	20.92443	20.91341	20.9281	20.92076
157.62376	20.92465	20.93199	20.92098	20.92455	20.93199	20.92832	20.93199	20.92832	20.93199	20.93199	20.92832	20.92465	20.92098	20.92832
160.12401	20.9322	20.94321	20.9322	20.93224	20.93588	20.92853	20.93587	20.92853	20.93221	20.92854	20.92854	20.91753	20.91753	20.92487
162.62426	20.92494	20.94329	20.92861	20.93232	20.93229	20.93228	20.92494	20.93595	20.92494	20.9176	20.92495	20.9176	20.92494	20.92495
165.12451	20.92508	20.93242	20.92508	20.925	20.92509	20.92508	20.92508	20.92875	20.92509	20.92509	20.92509	20.92142	20.92509	20.92509
167.62476	20.92165	20.92532	20.91797	20.9215	20.91798	20.91431	20.92165	20.92165	20.92164	20.91797	20.92164	20.92164	20.92532	20.92899
170.12501	20.91812	20.92546	20.91078	20.91418	20.92179	20.91812	20.91812	20.92179	20.9328	20.92546	20.92913	20.92546	20.92913	20.92546
172.62526	20.92193	20.92927	20.92192	20.92553	20.92927	20.92927	20.93294	20.92927	20.93662	20.92928	20.92928	20.91827	20.92928	20.92561
175.12451	20.92583	20.93317	20.91849	20.9295	20.93317	20.91849	20.9295	20.92583	20.9295	20.92216	20.9295	20.91849	20.92583	20.9295
177.62476	20.92238	20.93706	20.92605	20.92973	20.92605	20.92972	20.92605	20.92605	20.92972	20.92238	20.93339	20.92238	20.92238	20.91871
180.12501	20.91877	20.92978	20.91143	20.91859	20.92244	20.91877	20.92244	20.92611	20.92612	20.9298	20.93347	20.91512	20.92246	20.92613
182.62526	20.93007	20.93374	20.92273	20.93383	20.93741	20.9264	20.91906	20.92273	20.93009	20.92275	20.93009	20.92275	20.93009	20.93009
185.12551	20.92289	20.93757	20.93023	20.93025	20.92656	20.92289	20.91555	20.91922	20.93391	20.93391	20.93391	20.93024	20.92657	20.93758
187.62576	20.92672	20.93773	20.93039	20.93042	20.92672	20.92672	20.92672	20.92672	20.93773	20.93039	20.93773	20.93039	20.93406	20.93406
190.12601	20.91585	20.93053	20.91585	20.91936	20.93053	20.92686	20.91952	20.91585	20.94155	20.93421	20.94155	20.93421	20.94155	20.94155
192.62526	20.91239	20.92707	20.91973	20.91958	20.92708	20.91973	20.9234	20.92707	20.93076	20.93076	20.93443	20.92342	20.9381	20.93076
195.12551	20.92362	20.92729	20.91995	20.92354	20.93096	20.93463	20.92729	20.92729	20.93098	20.92731	20.93465	20.92731	20.92731	20.93465
197.62576	20.9237	20.93104	20.91269	20.91989	20.93104	20.92003	20.9237	20.92003	20.93472	20.93473	20.93472	20.92371	20.93106	20.93105
200.12601	20.92024	20.92759	20.91657	20.9201	20.91657	20.92024	20.91657	20.92391	20.93862	20.93495	20.94229	20.93862	20.94596	20.94596
202.62626	20.92413	20.92781	20.90945	20.9166	20.92046	20.92046	20.90945	20.91679	20.9315	20.93517	20.93517	20.93517	20.9315	20.93517
205.12651	21.00511	20.92804	20.90969	20.9131	20.91703	20.91336	20.91703	20.91703	20.93906	20.94273	20.94273	20.93172	20.93539	20.93906
207.62676	22.52481	21.59257	21.1081	21.01789	21.00533	20.9466	20.92458	20.91724	20.93928	20.93928	20.94662	20.93928	20.92827	20.93561
210.12601	23.91599	22.68646	21.69182	21.42209	21.31746	21.12293	20.95411	20.92107	20.9431	20.93576	20.9431	20.93576	20.93209	20.93943
212.62626	25.07225	23.70692	22.39664	21.96176	21.77271	21.43137	21.05334	20.9469	20.95426	20.93223	20.93957	20.93591	20.93591	20.93591
215.12651	26.04882	24.6211	23.09061	22.54562	22.28683	21.81337	21.22246	21.00959	20.98759	20.95088	20.94354	20.93253	20.93254	20.93621
217.62676	26.89688	25.42879	23.74048	23.11107	22.8009	22.22834	21.41722	21.09057	21.04653	20.96212	20.94744	20.92909	20.92909	20.93276
220.12701	27.65682	26.17038	24.36095	23.67282	23.31861	22.65429	21.68168	21.23024	21.1275	21.00271	20.96601	20.93665	20.9293	20.93665
222.62726	28.35433	26.84586	24.94468	24.20149	23.82158	23.08386	21.9571	21.38822	21.23776	21.0469	20.98084	20.94047	20.92946	20.93313
225.12751	28.99691	27.46642	25.49183	24.71928	24.30635	23.49889	22.24367	21.56835	21.35548	21.10958	21.00314	20.95543	20.93341	20.92607
227.62676	29.58431	28.05015	26.00583	25.19657	24.7763	23.91746	22.54112	21.76303	21.50611	21.19414	21.03999	20.97759	20.93355	20.92988
230.12701	30.15341	28.59723	26.51621	25.67392	25.23897	24.33609	22.83863	21.98347	21.66782	21.27877	21.09893	21.0035	20.94111	20.93377
232.62726	30.68448	29.12596	26.99723	26.12925	25.68328	24.73636	23.14347	22.19656	21.84054	21.38176	21.15054	21.0441	20.96336	20.93766
235.12751	31.17542	29.629	27.44888	26.56989	26.10924	25.12929	23.44098	22.42432	22.01327	21.49577	21.21683	21.09204	20.96725	20.93422
237.62776	31.64853	30.11376	27.90061	26.98859	26.52427	25.51129	23.74591	22.66319	22.21175	21.62819	21.29053	21.12904	20.9859	20.94185
240.12801	32.08224	30.56106	28.32298	27.38895	26.92463	25.87494	24.03615	22.88002	22.39923	21.7496	21.37524	21.18806	20.9972	20.94582
242.62826	32.51939	30.99106	28.73054	27.78549	27.31383	26.24212	24.32993	23.12242	22.59758	21.88555	21.4598	21.24693	21.03039	20.95331
245.12751	32.93161	31.40327	29.13456	28.17116	27.68849	26.59476	24.62384	23.36128	22.79973	22.03632	21.56286	21.31696	21.06371	20.96828
247.62776	33.34016	31.80466	29.53116	28.55308	28.06307	26.95465	24.91767	23.6074	23.00916	22.1907	21.66585	21.39793	21.10431	20.98319
250.12801	33.73454	32.20263	29.91324	28.91681	28.43781	27.30003	25.208	23.84634	23.22607	22.33788	21.76899	21.48271	21.13771	20.98723
252.62826	34.11437	32.57529	30.28774	29.2803	28.79029	27.63049	25.4834	24.08137	23.44276	22.49217	21.87557	21.55626	21.17823	21.0094
255.12851	34.48726	32.94818	30.6478	29.63301	29.13566	27.97219	25.77005	24.32398	23.63766	22.65037	21.98605	21.64105	21.22265	21.01711
257.62876	34.8421	33.30302	30.99102	29.96723	29.45887	28.28807	26.04555	24.56645	23.85076	22.81208	22.1074	21.7367	21.27425	21.03569
260.12901	35.18261	33.63994	31.32436	30.29411	29.79309	28.59658	26.31003	24.79789	24.06018	22.97746	22.22506	21.83235	21.32219	21.06894
262.62826	35.53034	33.98768	31.6506	30.62472	30.11269	28.90885	26.58192	25.03308	24.26601	23.14292	22.34648	21.93174	21.38121	21.08759
265.12851	35.84935	34.30669	31.96603	30.94792	30.42121	29.20635	26.8464	25.25718	24.47911	23.30831	22.46782	22.03473	21.43649	21.11717
267.62876	36.18642	34.64018	32.28161	31.25839	30.72988	29.51136	27.10736	25.50346	24.68868	23.47751	22.60766	22.1342	21.50292	21.1469
270.12901	36.49826	34.94485	32.57912	31.54157	31.02403	29.79785	27.36082	25.72756	24.89811	23.6539	22.74001	22.2482	21.56187	21.18016
272.62926	36.80309	35.24968	32.88037	31.84999	31.31454	30.08817	27.61444	25.95182	25.10401	23.83411	22.86517	22.35867	21.63197	21.21356
275.12951	37.10427	35.55086	33.17796	32.13325	31.5978	30.37475	27.87532	26.18334	25.31718	24.00691	23.0086	22.46541	21.702	21.25056
277.62976	37.39469	35.85202	33.4648	32.42367	31.88106	30.65077	28.11785	26.40385	25.51567	24.17603	23.14837	22.58315	21.77203	21.28389
280.12901	37.67804	36.12462	33.7374	32.69627	32.14649	30.91262	28.36046	26.62444	25.72158	24.34524	23.28087	22.6973	21.84581	21.3283
282.62926	37.97204	36.41863	34.01707	32.97236	32.42259	31.18155	28.60666	26.85229	25.92374	24.51069	23.4133	22.81138	21.93052	21.3653
285.12951	38.24829	36.69488	34.29691	33.24145	32.6881	31.43989	28.85668	27.07295	26.12604	24.68731	23.55688	22.93294	22.0007	21.41346
287.62976	38.52439	36.98172	34.56226	33.51039	32.94628	31.68734	29.0882	27.28979	26.33186	24.86743	23.70764	23.058	22.09273	21.46512
290.13001	38.78982	37.25073	34.83485	33.76865	33.20813	31.9456	29.32714	27.50303	26.52675	25.03663	23.8438	23.17215	22.17385	21.51687
292.63026	39.06247	37.50906	35.08959	34.02697	33.45929	32.19676	29.56614	27.72368	26.72906	25.20958	24.00207	23.30473	22.26972	21.57238
295.13051	39.31357	37.76016	35.34069	34.27091	33.70322	32.43711	29.79039	27.92958	26.92395	25.38246	24.13458	23.42622	22.35084	21.62046
297.62976	39.56474	38.01492	35.59187	34.52925	33.9544	32.68112	30.02207	28.15025	27.12259	25.54806	24.28183	23.55512	22.42836	21.67596
300.13001	39.82301	38.27676	35.83939	34.78393	34.20192	32.92148	30.24633	28.35616	27.32115	25.71359	24.418	23.68395	22.52415	21.73138
302.63026	40.067	38.51001	36.0798	35.01359	34.43517	33.1404	30.45943	28.55111	27.51245	25.89388	24.56892	23.81652	22.62003	21.79789
305.13051	40.30728	38.75745	36.32724	35.25746	34.67186	33.39142	30.67464	28.77529	27.71461	26.06301	24.70869	23.94161	22.71208	21.84591
307.63076	40.54004	38.99788	36.55334	35.49073	34.90513	33.6032	30.88641	28.97026	27.8949	26.22127	24.85962	24.06684	22.80428	21.91241
310.13101	40.74782	39.23114	36.7902	35.71682	35.12406	33.84363	31.10176	29.17257	28.0862	26.39055	24.99953	24.20309	22.90016	21.97159
312.63126	40.70248	39.33897	36.98398	35.93568	35.35009	34.06249	31.31347	29.37481	28.27742	26.55975	25.14304	24.32825	22.99595	22.04169
315.13051	40.75547	39.39298	37.10605	36.08284	35.50798	34.24546	31.50718	29.56596	28.4502	26.73253	25.28279	24.45699	23.09533	22.10436
317.63076	40.76291	39.46145	37.22826	36.22653	35.66243	34.43214	31.70102	29.78293	28.63783	26.90548	25.42637	24.59323	23.19854	22.18188
320.13101	40.79848	39.51562	37.33616	36.36308	35.80972	34.58302	31.88772	29.96689	28.82913	27.06742	25.58464	24.72948	23.29808	22.2484
322.63126	40.81281	39.56247	37.42599	36.47083	35.92105	34.71584	32.05278	30.14703	29.00193	27.22553	25.72808	24.8619	23.39748	22.32944
325.13151	40.82737	39.60955	37.50888	36.57521	36.03261	34.84172	32.20374	30.31231	29.16654	27.38754	25.8644	24.98354	23.50443	22.40336
327.63176	40.85576	39.64565	37.58797	36.65789	36.13318	34.95663	32.3473	30.47378	29.32444	27.54933	26.0115	25.11596	23.60382	22.47706
330.13201	40.8597	39.67475	37.64573	36.7407	36.21959	35.06452	32.48027	30.61392	29.48249	27.69658	26.15875	25.25955	23.72539	22.55458
332.63126	40.87768	39.7074	37.7142	36.82351	36.31314	35.16882	32.60606	30.7612	29.64054	27.85485	26.29133	25.38478	23.82493	22.63945
335.13151	40.88506	39.74358	37.78261	36.90626	36.41021	35.26947	32.73537	30.90842	29.77344	28.00203	26.43117	25.50994	23.93174	22.70588
337.63176	40.91	39.77618	37.84029	36.97467	36.48579	35.37371	32.86468	31.0449	29.90634	28.13086	26.54899	25.62776	24.03121	22.77966
340.13201	40.928	39.80885	37.90162	37.05391	36.56146	35.46369	32.97258	31.16712	30.03931	28.27812	26.69258	25.75299	24.13809	22.86819
342.63226	40.92835	39.83786	37.95212	37.12591	36.62987	35.54286	33.08756	31.29643	30.16863	28.40328	26.81039	25.88183	24.23389	22.94197
345.13251	40.93925	39.84897	37.99189	37.17643	36.69829	35.62919	33.1918	31.41858	30.29077	28.53209	26.93921	25.99963	24.34435	23.0194
347.63276	40.95358	39.87433	38.0459	37.23401	36.75588	35.69753	33.28521	31.52632	30.39494	28.64984	27.06062	26.1137	24.44374	23.09677
350.13201	40.9575	39.89624	38.07856	37.29175	36.82078	35.76959	33.38235	31.64137	30.51717	28.78241	27.18586	26.2316	24.53962	23.1853
352.63226	40.96839	39.92167	38.13623	37.34942	36.88919	35.84517	33.47942	31.75277	30.62499	28.89656	27.30001	26.34942	24.63909	23.25908
355.13251	40.88448	39.94002	38.17965	37.40359	36.94695	35.91725	33.56941	31.85708	30.74364	29.01446	27.4179	26.45997	24.74964	23.35128
357.63276	39.24787	39.22398	37.99732	37.3538	36.91507	35.95701	33.66648	31.95774	30.8443	29.13595	27.53939	26.57412	24.85645	23.43974
360.13301	37.75812	38.04944	37.40307	36.9673	36.62887	35.82484	33.71341	32.05482	30.95213	29.24643	27.65355	26.6846	24.95225	23.52453
362.63326	36.53693	36.96437	36.67979	36.43745	36.19215	35.55289	33.6922	32.11599	31.03839	29.35881	27.76028	26.80235	25.06265	23.62025
365.13351	35.52716	36.02625	35.96375	35.8611	35.69102	35.19863	33.603	32.15217	31.09607	29.45231	27.86709	26.90181	25.15845	23.70137
367.63276	34.66068	35.18842	35.30143	35.29909	35.18632	34.81213	33.4386	32.13104	31.13584	29.53507	27.97023	27.0123	25.25425	23.78983
370.13301	33.89807	34.46163	34.68927	34.76215	34.69236	34.41847	33.26344	32.09199	31.12902	29.59988	28.05132	27.11174	25.35003	23.87092
372.63326	33.20344	33.78849	34.12001	34.24303	34.20907	34.01756	33.04522	31.99914	31.10782	29.63958	28.1397	27.19645	25.44575	23.95563
375.13351	32.58054	33.16916	33.58665	33.76699	33.75452	33.62748	32.81633	31.89205	31.05804	29.6686	28.20982	27.28859	25.54155	24.0441
377.63376	32.00411	32.61424	33.08545	33.30877	33.30705	33.24807	32.57303	31.75979	30.99027	29.68681	28.27251	27.36596	25.62993	24.12514
380.13401	31.47083	32.08454	32.61307	32.87579	32.88123	32.86524	32.3299	31.61695	30.91549	29.68008	28.31699	27.43614	25.71847	24.21734
382.63426	30.96956	31.59043	32.17269	32.46407	32.48025	32.51083	32.09728	31.47388	30.82257	29.65165	28.34658	27.48775	25.79577	24.29097
385.13351	30.50069	31.13589	31.75397	32.07042	32.09735	32.16733	31.85049	31.32023	30.70832	29.62694	28.37264	27.54317	25.87321	24.37943
387.63376	30.05024	30.69917	31.34591	31.70176	31.72152	31.83449	31.62511	31.15574	30.58682	29.59141	28.37661	27.58017	25.94325	24.44579
390.13401	29.62853	30.27449	30.97015	31.33317	31.37085	31.5053	31.37831	30.98417	30.46182	29.53088	28.38066	27.61358	26.01335	24.52691
392.63426	29.19941	29.86739	30.59043	30.98869	31.02368	31.18679	31.14218	30.80535	30.33674	29.47029	28.38096	27.6359	26.06504	24.60428
395.13451	28.8144	29.47504	30.2201	30.64405	30.68622	30.8791	30.90613	30.64094	30.19741	29.40259	28.36665	27.65463	26.1278	24.67806
397.63476	28.42573	29.09371	29.86079	30.30309	30.34159	30.5714	30.66649	30.45145	30.06166	29.33132	28.34867	27.66601	26.1869	24.75551
400.13501	28.06642	28.73808	29.52717	29.9915	30.02633	30.2759	30.43761	30.28346	29.92233	29.25192	28.31968	27.67739	26.23499	24.82562
402.63426	27.71445	28.38977	29.19722	29.66888	29.7184	29.97898	30.21754	30.10744	29.7794	29.16419	28.29067	27.66673	26.27205	24.8847
405.13451	27.38075	28.06341	28.88187	29.37188	29.4214	29.704	29.99395	29.93156	29.65074	29.08374	28.27262	27.6707	26.32373	24.95106
407.63476	27.05072	27.73338	28.57386	29.06755	29.13174	29.41068	29.76302	29.74467	29.51133	28.99963	28.22154	27.65999	26.36073	25.01742
410.13501	26.73553	27.42553	28.27703	28.78539	28.84591	29.15421	29.55794	29.56895	29.36491	28.90465	28.18528	27.64575	26.39053	25.08026
412.63526	26.44595	27.13228	27.99846	28.51416	28.58203	28.89767	29.34176	29.40783	29.21841	28.81327	28.1306	27.62411	26.40559	25.12835
415.13551	26.14528	26.84263	27.71248	28.23919	28.29971	28.63737	29.11818	29.21727	29.07048	28.70346	28.07585	27.59504	26.43892	25.18003
417.63576	25.86665	26.55299	27.44118	27.97891	28.04677	28.38811	28.92029	29.04875	28.91663	28.60466	28.0211	27.56598	26.44289	25.22804
420.13501	25.59549	26.29284	27.1847	27.72243	27.79029	28.14998	28.72253	28.88402	28.76659	28.49867	27.95914	27.53707	26.45801	25.2762
422.63526	25.3242	26.01421	26.9281	27.47316	27.54837	27.91539	28.52465	28.71183	28.62742	28.39987	27.90072	27.50433	26.47666	25.32788
425.13551	25.075	25.76867	26.67522	27.22763	27.3065	27.68453	28.3305	28.54704	28.48833	28.29381	27.83503	27.45333	26.47704	25.36496
427.63576	24.82204	25.51572	26.43327	26.99669	27.07557	27.4536	28.13259	28.38217	28.33446	28.19132	27.76557	27.4169	26.48099	25.39827
430.13601	24.57284	25.27753	26.19508	26.76584	26.84472	27.23009	27.93478	28.20637	28.19536	28.08892	27.70722	27.37323	26.4887	25.44268
432.63626	24.33082	25.03184	25.96408	26.52749	26.61371	27.01743	27.75148	28.04877	28.04877	27.98271	27.63404	27.32207	26.48892	25.47227
435.13651	24.09637	24.80473	25.72595	26.31139	26.39761	26.80867	27.56107	27.89139	27.9171	27.86939	27.56843	27.28582	26.48203	25.50942
437.63576	23.87285	24.57387	25.51712	26.09155	26.19245	26.60718	27.38894	27.73761	27.77066	27.76332	27.49172	27.23113	26.47874	25.53549
440.13601	23.65662	24.36131	25.29722	25.88266	25.97989	26.39829	27.20574	27.58378	27.63883	27.66452	27.42229	27.17271	26.46802	25.56515
442.63626	23.44777	24.15246	25.09571	25.67381	25.78572	26.21146	27.04093	27.43732	27.49606	27.55846	27.34191	27.13271	26.45004	25.58387
445.13651	23.23147	23.93982	24.8794	25.47585	25.58042	26.00983	26.85399	27.27607	27.36416	27.44857	27.27607	27.07788	26.4466	25.60612
447.63676	23.0263	23.73099	24.68158	25.26701	25.37892	25.81935	26.69287	27.12595	27.2324	27.35352	27.20304	27.02687	26.43229	25.63218
450.13701	22.81739	23.53308	24.48734	25.07645	25.19937	25.63613	26.528	26.97577	27.10057	27.24739	27.13361	26.97579	26.42525	25.65817
452.63726	22.61223	23.33159	24.28585	24.87496	24.99054	25.43831	26.3522	26.82199	26.96882	27.12664	27.04956	26.91377	26.4036	25.66221
455.13651	22.43629	23.14831	24.10625	24.69535	24.81093	25.27338	26.19828	26.68642	26.83691	27.03144	26.98006	26.86261	26.37446	25.68079
457.63676	22.24214	22.95783	23.91576	24.50854	24.63146	25.08657	26.02982	26.54365	26.70149	26.92905	26.89968	26.80793	26.36016	25.69952
460.13701	22.06266	22.77469	23.73629	24.33274	24.45933	24.91443	25.87604	26.40455	26.58807	26.81929	26.81929	26.74222	26.33482	25.69987
462.63726	21.88305	22.59875	23.56402	24.15313	24.27972	24.75318	25.72212	26.26532	26.4525	26.72777	26.73878	26.68373	26.32037	25.71111
465.13751	21.69249	22.41553	23.37713	23.96991	24.10751	24.5773	25.55725	26.1188	26.32801	26.61429	26.66567	26.6253	26.28764	25.72242
467.63776	21.52029	22.23598	23.20125	23.7977	23.93163	24.41243	25.40707	25.98696	26.21085	26.51549	26.58155	26.55953	26.2549	25.71904
470.13801	21.35542	22.06744	23.03638	23.63283	23.76309	24.24756	25.26055	25.85146	26.07903	26.41302	26.51211	26.4901	26.22951	25.71935
472.63726	21.27139	21.92102	22.87528	23.46439	23.613	24.08646	25.1178	25.72339	25.95828	26.31063	26.42073	26.43542	26.18951	25.72339
475.13751	21.24958	21.86618	22.76539	23.33248	23.48476	23.95455	24.98221	25.59514	25.83372	26.21175	26.35122	26.3659	26.17138	25.72361
477.63776	21.217	21.7969	22.66307	23.21181	23.36042	23.81553	24.83585	25.45612	25.72039	26.10944	26.27093	26.30396	26.13513	25.72406
480.13801	21.1988	21.76035	22.57514	23.11654	23.25414	23.71291	24.71856	25.33149	25.60677	26.01783	26.19033	26.24172	26.09858	25.72421
482.63826	21.18816	21.72401	22.51678	23.03983	23.17376	23.61052	24.59781	25.22175	25.49703	25.91911	26.1173	26.17602	26.06959	25.72092
485.13851	21.17385	21.68402	22.44742	22.95579	23.08237	23.50812	24.48808	25.10835	25.39462	25.82404	26.04425	26.11766	26.04058	25.7176
487.63876	21.15205	21.6512	22.38524	22.87893	23.00552	23.42025	24.37818	24.99846	25.28473	25.7325	25.96006	26.05182	26.00777	25.70681
490.13801	21.13773	21.6222	22.33423	22.81323	22.93982	23.34354	24.29047	24.90339	25.18968	25.63745	25.88336	25.99347	25.97145	25.70352
492.63826	21.13437	21.58581	22.27949	22.74381	22.85938	23.2521	24.18434	24.78993	25.09089	25.546	25.81393	25.93138	25.93505	25.68547
495.13851	21.10889	21.56401	22.243	22.6853	22.80087	23.18625	24.10014	24.70206	24.99936	25.46548	25.74075	25.86553	25.89123	25.67835
497.63876	21.10187	21.53863	22.1956	22.64157	22.75347	23.12784	24.01971	24.62162	24.91157	25.37769	25.65663	25.7961	25.85482	25.66397
500.13901	21.08748	21.51689	22.15551	22.58313	22.69504	23.06573	23.93925	24.52649	24.83113	25.30459	25.59453	25.74135	25.81108	25.64592
502.63926	21.08785	21.50258	22.11918	22.53212	22.64403	23.00738	23.86988	24.45712	24.75443	25.22422	25.52518	25.67933	25.77842	25.63161
505.13951	21.08074	21.48446	22.07904	22.49198	22.60389	22.95256	23.80038	24.37294	24.67391	25.15104	25.45934	25.61716	25.73828	25.61349
507.63876	21.05901	21.46273	22.03529	22.44089	22.5528	22.90514	23.73094	24.29983	24.6008	25.07793	25.39724	25.55873	25.6982	25.60644
510.13901	21.05557	21.45195	22.0135	22.40809	22.52	22.85399	23.67245	24.23032	24.53496	25.00108	25.32773	25.5039	25.65806	25.58465
512.63926	21.05225	21.43028	21.98082	22.37173	22.47997	22.81029	23.61407	24.17562	24.46558	24.93904	25.26569	25.45288	25.62171	25.57399
515.13951	21.04155	21.41591	21.9481	22.32433	22.43991	22.76289	23.55566	24.1062	24.39982	24.88429	25.21461	25.39445	25.59632	25.55227
517.63976	21.04551	21.40887	21.9227	22.29159	22.41084	22.72648	23.5009	24.04042	24.33406	24.8222	25.15252	25.3397	25.55624	25.53422
520.14001	21.02747	21.39082	21.90466	22.26254	22.37445	22.69009	23.4535	23.98201	24.28297	24.7601	25.09409	25.29963	25.51984	25.52718
522.64026	21.03518	21.38385	21.87567	22.23355	22.33812	22.64274	23.39882	23.931	24.22462	24.69808	25.04675	25.24128	25.47984	25.49819
525.13951	21.01697	21.36564	21.85011	22.19331	22.31256	22.61352	23.3439	23.87975	24.16972	24.63951	24.98818	25.20105	25.44329	25.47999
527.63976	21.00633	21.355	21.82479	22.15698	22.27623	22.57719	23.30022	23.81773	24.11504	24.58483	24.94084	25.15372	25.41063	25.45835
530.14001	21.01398	21.34797	21.80675	22.13894	22.25819	22.54813	23.26016	23.77032	24.06395	24.53007	24.88976	25.09896	25.37423	25.43662
532.64026	21.00693	21.33358	21.78502	22.11354	22.22178	22.51172	23.21274	23.71189	24.02021	24.48633	24.83133	25.05522	25.33783	25.4149
535.14051	20.99621	21.31552	21.74861	22.07713	22.19271	22.47898	23.17266	23.67181	23.97645	24.43523	24.78757	25.00411	25.30141	25.38949
537.64076	20.99277	21.30474	21.73783	22.048	22.16725	22.44985	23.12885	23.63167	23.92896	24.39141	24.74742	24.97131	25.27594	25.37871
540.14101	20.99681	21.30511	21.72351	22.02634	22.14559	22.42086	23.08884	23.58433	23.88529	24.3404	24.70376	24.92397	25.23961	25.34972
542.64026	20.98603	21.29066	21.7054	22.00456	22.12381	22.38806	23.04504	23.54419	23.8378	24.29658	24.65627	24.88015	25.20313	25.33526
545.14051	20.97524	21.27987	21.68359	21.98642	22.102	22.36992	23.01588	23.50036	23.80133	24.24543	24.60511	24.83267	25.16299	25.30613
547.64076	20.97921	21.26916	21.67289	21.96104	22.07661	22.34087	22.98316	23.46029	23.75024	24.20535	24.56137	24.79993	25.13392	25.28074
550.14101	20.97224	21.2622	21.65124	21.93572	22.0513	22.31922	22.94683	23.41662	23.71759	24.16903	24.52504	24.75259	25.10861	25.26276
552.64126	20.9577	21.24765	21.62935	21.91383	22.03675	22.29366	22.90659	23.38005	23.68471	24.12881	24.48115	24.71237	25.07206	25.23722
555.14151	20.96168	21.23695	21.61131	21.89212	22.01871	22.26461	22.88121	23.34733	23.6483	24.09974	24.44841	24.69065	25.04666	25.21549
557.64176	20.96197	21.23724	21.60793	21.88874	22.01166	22.25389	22.8448	23.32193	23.62291	24.05233	24.41201	24.65058	25.01026	25.19377
560.14101	20.95861	21.23021	21.58622	21.85602	21.97894	22.22851	22.81575	23.27453	23.57915	24.01958	24.37192	24.61416	24.98118	25.16469
562.64126	20.96257	21.2305	21.58284	21.84163	21.97189	22.21412	22.79035	23.24546	23.53543	23.98319	24.33554	24.57777	24.94847	25.13932
565.14151	20.95906	21.21964	21.56832	21.82343	21.96103	22.19593	22.76848	23.22359	23.5172	23.94295	24.2953	24.53019	24.91557	25.11743
567.64176	20.96669	21.22361	21.55393	21.81638	21.94297	22.18154	22.74675	23.18718	23.47713	23.91022	24.25889	24.5048	24.89018	25.09938
570.14201	20.96692	21.22016	21.54681	21.80193	21.93586	22.16341	22.72129	23.16906	23.44066	23.87008	24.22242	24.46833	24.85737	25.07024
572.64226	20.9562	21.21312	21.53243	21.78754	21.9178	22.1527	22.7069	23.13999	23.41894	23.84469	24.18602	24.43559	24.82831	25.04853
575.14251	20.95649	21.2024	21.52538	21.77682	21.90708	22.13464	22.67416	23.11092	23.39354	23.80828	24.15695	24.39919	24.7919	25.01946
577.64176	20.96032	21.20255	21.50718	21.74762	21.88889	22.11277	22.65964	23.07804	23.34965	23.76439	24.11306	24.35897	24.75902	24.99392
580.14201	20.95328	21.19185	21.49648	21.73691	21.87084	22.08739	22.62324	23.05266	23.32426	23.74267	24.09501	24.34459	24.74097	24.97587
582.64226	20.94624	21.1848	21.48209	21.72252	21.85279	22.07667	22.59784	23.02359	23.28786	23.70994	24.05861	24.30085	24.70824	24.95048
585.14251	20.9428	21.18136	21.47498	21.71541	21.84567	22.06222	22.56871	23.00547	23.2734	23.68447	24.03314	24.28272	24.68278	24.92868
587.64276	20.93934	21.17424	21.46419	21.69361	21.82387	22.04408	22.55425	22.96898	23.25161	23.65533	24.00401	24.24991	24.65731	24.89954
590.14301	20.94699	21.17454	21.46082	21.69025	21.82051	22.04072	22.53253	22.95094	23.21886	23.62626	23.96392	24.21349	24.62456	24.88148
592.64326	20.94728	21.17117	21.45377	21.6832	21.81346	22.02633	22.51814	22.93655	23.19713	23.6082	23.93852	24.19544	24.60651	24.86342
595.14251	20.94016	21.17505	21.44665	21.66506	21.80266	22.01553	22.50368	22.9074	23.18268	23.58641	23.9204	24.16997	24.58104	24.84163
597.64276	20.94038	21.1606	21.43587	21.65795	21.79188	22.00475	22.48555	22.88928	23.15354	23.54993	23.88759	24.1335	24.5519	24.81616
600.14301	20.93326	21.16081	21.42874	21.64716	21.78109	21.98662	22.46008	22.86748	23.13175	23.52079	23.8658	24.1117	24.53011	24.79437
602.64326	20.94083	21.15738	21.41797	21.64005	21.77398	21.97217	22.44563	22.84202	23.10261	23.50633	23.82931	24.0899	24.50464	24.77624
605.14351	20.93373	21.15394	21.41086	21.6256	21.75586	21.96139	22.42384	22.81656	23.08448	23.46986	23.80018	24.0571	24.47551	24.75444
607.64376	20.93761	21.1358	21.39639	21.60746	21.74506	21.94325	22.4057	22.79108	23.06636	23.45173	23.77839	24.03163	24.45004	24.73265
610.14401	20.92683	21.13236	21.38927	21.60035	21.73428	21.93981	22.39492	22.77662	23.04824	23.43361	23.7676	24.00617	24.42825	24.70351
612.64326	20.92345	21.14	21.38223	21.58963	21.72356	21.92176	22.38054	22.76224	23.02651	23.40822	23.74221	23.98445	24.41019	24.68546
615.14351	20.92727	21.13648	21.37871	21.57878	21.71638	21.9109	22.35867	22.74037	23.00831	23.38635	23.713	23.9589	24.39199	24.67093
617.64376	20.9239	21.12943	21.36799	21.56438	21.70566	21.90385	22.34061	22.72231	22.99759	23.37195	23.70227	23.93717	24.36659	24.65286
620.14401	20.92412	21.12231	21.36088	21.55727	21.70222	21.89306	22.33349	22.70786	22.97579	23.34648	23.67313	23.92271	24.34846	24.62739
622.64426	20.9245	21.12636	21.35391	21.55765	21.69525	21.8861	22.31919	22.68621	22.95781	23.3285	23.64414	23.88638	24.32314	24.60208
625.14451	20.92832	21.12284	21.36141	21.56147	21.69173	21.88258	22.30833	22.67535	22.93227	23.30664	23.62594	23.86084	24.29026	24.58388
627.64476	20.92486	21.12305	21.35061	21.53966	21.67359	21.86444	22.28285	22.64987	22.91782	23.28117	23.59681	23.83905	24.26847	24.55474
630.14401	20.93251	21.1197	21.34358	21.52896	21.66656	21.85007	22.27215	22.6355	22.89976	23.25945	23.57142	23.81732	24.25041	24.53669
632.64426	20.92898	21.11983	21.34372	21.53277	21.6667	21.85021	22.26128	22.62096	22.88157	23.24492	23.56056	23.80647	24.23221	24.52216
635.14451	20.92929	21.1128	21.32934	21.52207	21.65233	21.83217	22.24323	22.60659	22.87086	23.2232	23.54251	23.77373	24.21416	24.50044
637.64476	20.92583	21.10201	21.32222	21.51127	21.64153	21.82504	22.22877	22.58478	22.85272	23.20874	23.52438	23.75927	24.17768	24.47497
640.14501	20.93348	21.10965	21.31886	21.51158	21.64918	21.82535	22.23275	22.58876	22.83835	23.18702	23.49165	23.73389	24.1633	24.45692
642.64526	20.93003	21.11354	21.31907	21.50078	21.62737	21.81455	22.19993	22.56695	22.8202	23.16154	23.46984	23.71207	24.14516	24.43144
645.14551	20.91933	21.09917	21.3047	21.49008	21.62034	21.80385	22.19657	22.54891	22.80582	23.14715	23.45178	23.68668	24.1161	24.40604
647.64476	20.92313	21.10297	21.30484	21.48288	21.60947	21.78931	22.18202	22.52703	22.78395	23.12528	23.43725	23.66848	24.09789	24.38784
650.14501	20.92711	21.10328	21.30148	21.48686	21.61712	21.79329	22.17499	22.52366	22.7659	23.11824	23.41553	23.65042	24.07984	24.37346
652.64526	20.92373	21.09991	21.29443	21.47247	21.6064	21.77523	22.16427	22.50561	22.75886	23.10019	23.39748	23.63238	24.06179	24.35541
655.14551	20.92037	21.09287	21.28373	21.46177	21.5957	21.76086	22.14623	22.48756	22.73714	23.07847	23.37576	23.61799	24.0364	24.33002
657.64576	20.92433	21.09316	21.28769	21.46573	21.59232	21.75748	22.13184	22.47318	22.72276	23.05675	23.36138	23.59627	24.02202	24.31197
660.14601	20.90995	21.08979	21.27697	21.45501	21.5816	21.75043	22.13214	22.46246	22.71938	23.05705	23.33966	23.58556	24.0003	24.30493
662.64626	20.91018	21.08635	21.26986	21.4479	21.57449	21.75066	22.12136	22.45168	22.70126	23.03525	23.3252	23.56376	23.97483	24.27579
665.14551	20.91789	21.08305	21.27391	21.43727	21.57119	21.74002	22.09971	22.44104	22.67961	23.02094	23.30355	23.53845	23.96053	24.25781
667.64576	20.92552	21.08701	21.26685	21.4449	21.57148	21.73664	22.1	22.43032	22.6689	22.99555	23.2855	23.51672	23.93513	24.22875
670.14601	20.91855	21.08738	21.27089	21.43792	21.56818	21.72967	22.09303	22.41968	22.67294	22.98858	23.27119	23.50976	23.92449	24.22178
672.64626	20.91884	21.08033	21.26384	21.41986	21.54278	21.71528	22.0713	22.39795	22.65855	22.98153	23.25679	23.49903	23.9101	24.21106
675.14651	20.91188	21.06969	21.24954	21.41657	21.54316	21.70465	22.06066	22.39098	22.62589	22.95988	23.23882	23.47738	23.89212	24.18941
677.64676	20.91958	21.08107	21.2499	21.42428	21.54719	21.70868	22.06103	22.37667	22.62626	22.94557	23.22818	23.45206	23.87047	24.16409
680.14701	20.91255	21.07405	21.24287	21.4099	21.53283	21.69798	22.04666	22.3623	22.60454	22.92752	23.20646	23.43401	23.84508	24.14237
682.64626	20.91292	21.07074	21.23223	21.40293	21.52585	21.68367	22.02867	22.34799	22.5939	22.90587	23.18481	23.41236	23.8271	24.12072
685.14651	20.92063	21.07845	21.24728	21.40698	21.52622	21.6767	22.03272	22.33735	22.57225	22.88789	23.1705	23.39439	23.80178	24.09907
687.64676	20.91374	21.07156	21.23305	21.39641	21.51933	21.67715	22.01114	22.33412	22.5727	22.87733	23.15627	23.38383	23.79122	24.08851
690.14701	20.91044	21.06092	21.22975	21.39311	21.50502	21.67018	22.00784	22.31981	22.56207	22.87037	23.15298	23.36952	23.76958	24.07053
692.64726	20.91448	21.0723	21.23746	21.39348	21.50906	21.66688	21.9972	22.3055	22.54776	22.86707	23.12399	23.35521	23.75159	24.04521
695.14751	20.91118	21.06533	21.23049	21.38651	21.50576	21.65991	21.99757	22.29853	22.5371	22.83439	23.10599	23.32987	23.72993	24.01988
697.64776	20.91897	21.06945	21.22727	21.37962	21.4952	21.66035	21.98701	22.29898	22.5192	22.82383	23.09543	23.31932	23.7157	24.00932
700.14701	20.91567	21.05881	21.23131	21.37999	21.50291	21.65339	21.97637	22.28467	22.51223	22.81319	23.08112	23.30501	23.69772	23.99134
702.64726	20.91613	21.06661	21.22076	21.38045	21.49236	21.64284	21.97316	22.26678	22.498	22.79896	23.05955	23.27976	23.66881	23.97344
705.14751	20.90922	21.05603	21.20651	21.36987	21.48545	21.63593	21.95524	22.25987	22.48744	22.77739	23.04898	23.26553	23.65824	23.95553
707.64776	20.91694	21.06741	21.21789	21.35556	21.47848	21.62529	21.94827	22.2529	22.48414	22.77776	23.03835	23.25856	23.64761	23.93756
710.14801	20.91387	21.06435	21.2185	21.36718	21.47908	21.62589	21.9452	22.23882	22.47373	22.76368	23.03161	23.24448	23.62618	23.9198
712.64826	20.91799	21.06113	21.21527	21.36395	21.47586	21.619	21.93097	22.22459	22.45583	22.74578	22.99535	23.21924	23.61195	23.89456
715.14851	20.90742	21.06157	21.21205	21.35706	21.47264	21.61577	21.93142	22.22137	22.43791	22.73153	22.99212	23.21233	23.59036	23.88031
717.64776	20.91902	21.06216	21.20897	21.35765	21.46955	21.60902	21.92466	22.21461	22.4385	22.72111	22.98537	23.20191	23.58362	23.87357
720.14801	20.92321	21.05901	21.20949	21.34349	21.46641	21.60588	21.91418	22.2078	22.42068	22.70696	22.96387	23.18776	23.56579	23.85207
722.64826	20.92374	21.05954	21.19533	21.34768	21.45592	21.59906	21.90369	22.19731	22.41386	22.70748	22.94971	23.16993	23.54796	23.82323
725.14851	20.9169	21.05637	21.20318	21.34085	21.45276	21.59223	21.89686	22.19048	22.3997	22.68965	22.93923	23.14843	23.53014	23.82009
727.64876	20.91376	21.04956	21.19269	21.34137	21.44594	21.58908	21.89004	22.16898	22.38553	22.6718	22.91771	23.13058	23.50862	23.7949
730.14901	20.90694	21.05008	21.18955	21.33823	21.4428	21.57492	21.8869	22.17318	22.37137	22.65765	22.91089	23.12744	23.5018	23.78441
732.64926	20.91114	21.04327	21.19008	21.32775	21.43231	21.57545	21.87274	22.15168	22.37189	22.65083	22.89674	23.10227	23.48397	23.75924
735.14851	20.91532	21.04745	21.19059	21.33193	21.44017	21.5833	21.87692	22.15219	22.36507	22.64034	22.88992	23.10279	23.48083	23.75609
737.64876	20.92326	21.05172	21.18752	21.32152	21.43342	21.56555	21.85917	22.13811	22.35099	22.62626	22.87951	23.08504	23.45206	23.73467
740.14901	20.91284	21.04496	21.18076	21.3221	21.423	21.5588	21.85242	22.12768	22.33691	22.61952	22.85808	23.06729	23.43798	23.70591
742.64926	20.90969	21.04549	21.1923	21.32263	21.4272	21.55198	21.8456	22.1172	22.33009	22.60169	22.84393	23.05313	23.42015	23.69175
745.14951	20.91389	21.04602	21.17815	21.32316	21.41671	21.54884	21.83145	22.11406	22.31224	22.58751	22.83342	23.04262	23.40598	23.67757
747.64976	20.91806	21.05019	21.18232	21.31265	21.40988	21.542	21.82828	22.11089	22.3091	22.58069	22.82293	23.03214	23.39549	23.67075
750.15001	20.91492	21.04338	21.1755	21.31317	21.4104	21.54253	21.82147	22.09674	22.30228	22.57021	22.82345	23.02532	23.385	23.64192
752.64926	20.92279	21.05125	21.17603	21.30636	21.40726	21.54305	21.81465	22.08258	22.29546	22.55972	22.80196	23.00015	23.3635	23.62409
755.14951	20.91589	21.05169	21.18015	21.30314	21.40403	21.52882	21.80776	22.07569	22.28123	22.56017	22.79507	23.00427	23.35661	23.62454
757.64976	20.90541	21.03753	21.16966	21.29265	21.39355	21.522	21.80828	22.06887	22.27442	22.54602	22.77724	22.98277	23.34246	23.5957
760.15001	20.90945	21.03423	21.16269	21.29302	21.38658	21.52238	21.7903	22.05456	22.2711	22.52802	22.76658	22.97211	23.32446	23.58137
762.65026	20.90997	21.04944	21.16688	21.30088	21.39077	21.52657	21.78716	22.04774	22.26429	22.52487	22.75977	22.95062	23.30664	23.55988
765.15051	20.91034	21.03513	21.15991	21.29024	21.38747	21.51593	21.78385	22.04811	22.25365	22.51424	22.74913	22.94366	23.29233	23.54557
767.65076	20.91086	21.03932	21.15677	21.28343	21.38065	21.50177	21.77704	22.03762	22.23949	22.50008	22.73498	22.93317	23.28184	23.53509
770.15001	20.9003	21.03609	21.15721	21.28754	21.37009	21.50221	21.76647	22.02339	22.23261	22.48952	22.72442	22.91894	23.27495	23.52453
772.65026	20.91175	21.04388	21.15766	21.28799	21.3742	21.50633	21.77793	22.03485	22.22571	22.47896	22.71019	22.90838	23.25705	23.49929
775.15051	20.91579	21.04058	21.1617	21.28469	21.3709	21.49202	21.75995	22.01319	22.22242	22.472	22.69588	22.89775	23.24275	23.48498
777.65076	20.90523	21.03002	21.1438	21.27779	21.36401	21.49614	21.75672	22.0063	22.20817	22.46141	22.68163	22.88349	23.22849	23.46706
780.15101	20.90568	21.02312	21.14424	21.2709	21.36446	21.4819	21.74983	22.00308	22.20495	22.44719	22.67841	22.86559	23.21426	23.4565
782.65126	20.90606	21.03085	21.15197	21.27128	21.35383	21.48229	21.7392	21.99245	22.18697	22.44022	22.65676	22.85496	23.19629	23.43852
785.15151	20.91385	21.03864	21.15608	21.27173	21.35428	21.48273	21.73598	21.9929	22.18376	22.43333	22.66089	22.8444	23.18206	23.42797
787.65076	20.89946	21.01324	21.13803	21.25734	21.34723	21.47569	21.72893	21.97117	22.1657	22.41895	22.65018	22.83002	23.17869	23.40991
790.15101	20.90373	21.02852	21.13862	21.26161	21.34783	21.47261	21.72953	21.97544	22.15896	22.40854	22.62508	22.81961	23.1536	23.38849
792.65126	20.90769	21.02881	21.14259	21.26925	21.35179	21.48025	21.72615	21.9794	22.15926	22.40517	22.62905	22.8089	23.14656	23.37778
795.15151	20.91555	21.033	21.14678	21.26977	21.35598	21.46976	21.71933	21.96891	22.14142	22.391	22.61488	22.80573	23.13973	23.36728
797.65176	20.91219	21.03331	21.14342	21.26274	21.34528	21.46273	21.71598	21.95821	22.13438	22.37295	22.60417	22.78768	23.12168	23.34923
800.15201	20.91631	21.03008	21.14386	21.25951	21.34206	21.45583	21.70908	21.94765	22.13116	22.36605	22.58994	22.77345	23.10377	23.335
802.65226	20.90941	21.02319	21.1333	21.24528	21.33516	21.45261	21.69852	21.94442	22.1206	22.3665	22.58305	22.7739	23.10055	23.33545
805.15151	20.90604	21.02348	21.12625	21.25291	21.33178	21.44923	21.69147	21.93003	22.1209	22.36314	22.56867	22.75952	23.0825	23.31373
807.65176	20.91009	21.01653	21.13031	21.24595	21.32483	21.43494	21.68818	21.93409	22.10659	22.34516	22.56538	22.74889	23.0682	23.29942
810.15201	20.91414	21.03158	21.13068	21.24999	21.32887	21.44632	21.69222	21.92345	22.1033	22.3382	22.55107	22.74192	23.05756	23.27778
812.65226	20.89982	21.02094	21.12003	21.23935	21.32557	21.43934	21.67791	21.91647	22.09265	22.3202	22.53675	22.72393	23.04324	23.26712
815.15251	20.9112	21.01763	21.13508	21.24339	21.31859	21.43604	21.67093	21.9095	22.08568	22.31691	22.53345	22.70962	23.02893	23.25282
817.65276	20.90422	21.02167	21.12077	21.24009	21.31529	21.42907	21.6713	21.90253	22.07871	22.31361	22.52281	22.70266	23.02197	23.24218
820.15301	20.91195	21.02206	21.12482	21.24047	21.32302	21.43312	21.67169	21.90292	22.07542	22.30298	22.51218	22.68835	23.00766	23.22054
822.65226	20.90873	21.01884	21.1216	21.23725	21.31246	21.42256	21.6648	21.89235	22.06119	22.28875	22.49795	22.67412	22.98976	23.21365
825.15251	20.90902	21.0228	21.12923	21.23754	21.31275	21.43019	21.65775	21.88898	22.05415	22.27804	22.48357	22.65974	22.98272	23.1956
827.65276	20.9058	21.00489	21.12234	21.23799	21.30218	21.41963	21.65452	21.88208	22.0399	22.27113	22.47299	22.6565	22.95746	23.17401
830.15301	20.90983	21.01994	21.1117	21.22367	21.30255	21.40899	21.64388	21.86042	22.0256	22.24948	22.46235	22.63853	22.93949	23.16704
832.65326	20.90281	21.01291	21.11568	21.22766	21.29552	21.40563	21.64052	21.86441	22.02957	22.25345	22.4443	22.63516	22.94346	23.14532
835.15351	20.90692	21.01336	21.11613	21.2281	21.29964	21.40974	21.63363	21.85751	22.02267	22.24656	22.45209	22.62459	22.92188	23.1421
837.65376	20.90729	21.0174	21.1165	21.22847	21.30001	21.40277	21.634	21.85054	22.01204	22.23592	22.43778	22.60662	22.91125	23.12412
840.15301	20.9004	21.0105	21.11327	21.21424	21.28577	21.39588	21.6271	21.84732	22.00515	22.22903	22.43089	22.59606	22.90435	23.10989
842.65326	20.90436	21.01447	21.11357	21.21453	21.28974	21.39984	21.6274	21.84027	22.00178	22.22566	22.42386	22.58902	22.88998	23.10285
845.15351	20.91574	21.01851	21.1176	21.21857	21.29011	21.40021	21.6241	21.85165	21.99481	22.20034	22.40955	22.57838	22.87567	23.08854
847.65376	20.91246	21.01522	21.11432	21.20795	21.27581	21.38959	21.6098	21.83002	21.98051	22.19705	22.39524	22.57141	22.8687	23.07424
850.15401	20.90189	21.00833	21.1111	21.21206	21.27993	21.3937	21.60658	21.82312	21.98094	22.19381	22.39567	22.55716	22.85445	23.06733
852.65426	20.89851	21.01596	21.10404	21.20501	21.27288	21.37931	21.6032	21.81974	21.97023	22.1831	22.37762	22.55013	22.84008	23.04928
855.15451	20.90255	20.99798	21.09341	21.19437	21.26958	21.37601	21.58889	21.80543	21.95592	22.16879	22.37066	22.53215	22.82944	23.03497
857.65376	20.91034	21.00577	21.09385	21.20216	21.27002	21.37646	21.593	21.79854	21.9527	22.16557	22.36377	22.52159	22.82255	23.02074
860.15401	20.90331	21.0024	21.09783	21.20614	21.274	21.37677	21.59331	21.79885	21.953	22.15486	22.35305	22.51088	22.8045	23.00636
862.65426	20.91469	21.00644	21.0982	21.2065	21.26703	21.37346	21.59001	21.80288	21.94604	22.15157	22.34976	22.51125	22.8012	23.00307
865.15451	20.91506	20.99948	21.09857	21.19587	21.26006	21.37017	21.57937	21.78858	21.93907	22.14093	22.33913	22.50062	22.77955	22.99243
867.65476	20.90795	21.00705	21.0988	21.20344	21.26029	21.3704	21.58327	21.78514	21.92094	22.13382	22.31733	22.48249	22.76877	22.96696
870.15501	20.90465	20.9964	21.09183	21.18913	21.24965	21.35242	21.56896	21.77082	21.92864	22.13417	22.3287	22.47918	22.76179	22.96365
872.65526	20.90134	21.00044	21.08852	21.18215	21.25002	21.35645	21.56566	21.77486	21.92535	22.12721	22.32173	22.47588	22.75849	22.96035
875.15451	20.90533	20.99708	21.09251	21.1898	21.25033	21.36043	21.56597	21.77517	21.93299	22.12751	22.31102	22.47251	22.74778	22.94964
877.65476	20.90929	21.00104	21.0928	21.18642	21.25062	21.35706	21.56259	21.76812	21.91494	22.1168	22.29664	22.45813	22.73707	22.92792
880.15501	20.91333	21.00508	21.09684	21.19046	21.25466	21.36109	21.56663	21.76482	21.90797	22.10617	22.29702	22.45117	22.73378	22.92463
882.65526	20.90995	21.00904	21.09346	21.18709	21.25128	21.34671	21.55591	21.76144	21.9046	22.10646	22.2863	22.44045	22.72673	22.91758
885.15551	20.91018	21.00928	21.09736	21.19099	21.24784	21.35061	21.55614	21.76168	21.89014	22.09568	22.27552	22.42967	22.70494	22.89579
887.65576	20.91047	21.0059	21.09765	21.19862	21.24446	21.3509	21.55276	21.74728	21.89044	22.08497	22.27949	22.42997	22.6979	22.89242
890.15601	20.91445	21.00253	21.08695	21.18057	21.23743	21.34019	21.53839	21.74392	21.88341	22.07793	22.26144	22.41192	22.68719	22.87437
892.65526	20.89998	21.00275	21.08716	21.18079	21.23764	21.34408	21.54594	21.73679	21.87996	22.06714	22.25065	22.4048	22.66906	22.86358
895.15551	20.90763	20.99572	21.08747	21.17376	21.23796	21.33338	21.53524	21.7371	21.86556	22.0711	22.2436	22.39775	22.66567	22.84919
897.65576	20.91527	20.99968	21.08043	21.17772	21.23091	21.33	21.52819	21.72639	21.86219	22.05305	22.23656	22.3797	22.64395	22.8348
900.15601	20.90808	20.99617	21.07691	21.17421	21.22739	21.32648	21.51734	21.7192	21.855	22.05319	22.23304	22.37618	22.63676	22.82762
902.65626	20.89377	20.98919	21.07361	21.15989	21.22042	21.31584	21.51036	21.70122	21.85171	22.03889	22.21873	22.3582	22.6298	22.81698
905.15651	20.91602	20.99676	21.07384	21.16012	21.22065	21.32341	21.51427	21.71246	21.83725	22.02811	22.20428	22.34742	22.61168	22.79886
907.65676	20.90897	20.99338	21.07413	21.16775	21.22094	21.32003	21.51456	21.70541	21.83756	22.02474	22.19724	22.34405	22.60097	22.79182
910.15601	20.91279	20.99721	21.07428	21.16791	21.21375	21.31652	21.50003	21.69455	21.8267	22.01388	22.18271	22.32952	22.59745	22.78096
912.65626	20.89834	20.98643	21.07084	21.15713	21.20664	21.31308	21.49659	21.69478	21.81958	22.0141	22.19027	22.32607	22.59033	22.77017
915.15651	20.9059	20.99766	21.06739	21.15735	21.21053	21.30228	21.49314	21.68399	21.81981	22.00699	22.17949	22.31896	22.56486	22.75571
917.65676	20.90252	20.98693	21.07869	21.15029	21.20348	21.30991	21.4971	21.68795	21.8054	21.98891	22.16142	22.30088	22.56147	22.73764
920.15701	20.89908	20.98716	21.07525	21.15786	21.21105	21.31014	21.49733	21.68084	21.80563	22.00015	22.16164	22.29744	22.55436	22.73053
922.65726	20.90298	20.9874	21.06447	21.15076	21.20761	21.30304	21.48288	21.67373	21.80586	21.98203	22.14719	22.28666	22.54725	22.72342
925.15751	20.9032	20.98761	21.06468	21.15097	21.20049	21.29224	21.47575	21.66293	21.7914	21.97858	22.15109	22.27954	22.54013	22.71997
927.65676	20.89976	20.98784	21.06492	21.1512	21.19705	21.29614	21.48332	21.65582	21.79163	21.97514	22.13663	22.27977	22.53668	22.71285
930.15701	20.90731	20.98806	21.06146	21.14408	21.19726	21.28534	21.46886	21.6487	21.79185	21.96803	22.13686	22.26898	22.51856	22.6984
932.65726	20.89653	20.98829	21.06536	21.15165	21.19015	21.29292	21.46542	21.64526	21.79208	21.95357	22.11873	22.26187	22.5041	22.68395
935.15751	20.9041	20.98485	21.05091	21.14087	21.18671	21.28948	21.46932	21.64916	21.77395	21.95746	22.12262	22.25108	22.48965	22.67683
937.65776	20.89331	20.97772	21.04746	21.13374	21.18326	21.27501	21.45485	21.62735	21.77418	21.95035	22.11551	22.24764	22.49355	22.66972
940.15801	20.89714	20.97421	21.05495	21.13023	21.18341	21.27884	21.45868	21.63485	21.76698	21.94683	22.10831	22.23677	22.47167	22.65151
942.65826	20.90844	20.98551	21.05524	21.13786	21.19104	21.27546	21.45897	21.63147	21.76728	21.94346	22.09761	22.22239	22.4683	22.65181
945.15751	20.91234	20.98941	21.05915	21.14543	21.19862	21.27936	21.46287	21.6317	21.76017	21.93634	22.09416	22.22262	22.46486	22.64103
947.65776	20.90154	20.97862	21.05936	21.13463	21.18048	21.27223	21.4484	21.62091	21.75304	21.92187	22.08336	22.21182	22.45405	22.61554
950.15801	20.9017	20.98244	21.05952	21.13479	21.17697	21.26872	21.44856	21.61739	21.7422	21.91837	22.07619	22.20098	22.43954	22.61204
952.65826	20.90925	20.98999	21.05239	21.13133	21.17718	21.28361	21.45244	21.61393	21.74607	21.90756	22.06905	22.20118	22.43608	22.60491
955.15851	20.90222	20.97929	21.04536	21.12797	21.17749	21.26557	21.44174	21.60691	21.73903	21.90419	22.06201	22.19047	22.41803	22.59787
957.65876	20.90605	20.98679	21.06019	21.12813	21.18131	21.2694	21.4419	21.61073	21.73184	21.89333	22.05849	22.17961	22.4035	22.57967
960.15901	20.90626	20.97966	21.0494	21.121	21.17052	21.26227	21.4311	21.60728	21.72472	21.89356	22.05138	22.17249	22.40005	22.56888
962.65826	20.90649	20.98356	21.0533	21.13224	21.17442	21.2625	21.435	21.60383	21.72128	21.89011	22.05528	22.16538	22.39294	22.56177
965.15851	20.91038	20.99112	21.05718	21.12145	21.16729	21.26272	21.42788	21.60038	21.72151	21.89401	22.03715	22.16194	22.39683	22.56199
967.65876	20.9106	20.99135	21.05374	21.13269	21.17119	21.26662	21.42811	21.59694	21.71072	21.87588	22.02269	22.15482	22.3787	22.54386
970.15901	20.90715	20.9879	21.04662	21.1219	21.16407	21.25216	21.42099	21.58982	21.71462	21.87978	22.03026	22.14036	22.36792	22.54042
972.65926	20.90744	20.98452	21.04324	21.12953	21.16436	21.24877	21.42127	21.58644	21.70024	21.86907	22.00854	22.12966	22.34987	22.52237
975.15951	20.90767	20.97741	21.04347	21.11508	21.15358	21.24167	21.4105	21.57933	21.70046	21.85828	22.00876	22.11887	22.3501	22.5226
977.65976	20.90055	20.97762	21.04002	21.11162	21.15747	21.24555	21.41438	21.56853	21.68599	21.84748	22.00163	22.12275	22.33929	22.50445
980.15901	20.90078	20.98152	21.05126	21.11552	21.1577	21.24945	21.40727	21.57243	21.68621	21.84036	21.99818	22.10829	22.3285	22.50468
982.65926	20.89726	20.97067	21.04041	21.11201	21.15418	21.2386	21.39642	21.55791	21.68636	21.84051	21.98732	22.10844	22.32865	22.49014
985.15951	20.90115	20.97455	21.04796	21.11222	21.15072	21.23514	21.40397	21.55812	21.67191	21.82606	21.97287	22.09399	22.30686	22.47202
987.65976	20.89779	20.97119	21.03726	21.10519	21.14736	21.23178	21.3896	21.55476	21.66486	21.82268	21.97316	22.08327	22.29982	22.46131
990.16001	20.898	20.96774	21.0338	21.10174	21.14758	21.22465	21.38247	21.54396	21.65775	21.81557	21.96238	22.07616	22.2927	22.45419
992.66026	20.90196	20.9717	21.03409	21.10203	21.1442	21.22127	21.38643	21.54792	21.66172	21.81587	21.96268	22.07278	22.28933	22.44715
995.16051	20.89845	20.97185	21.03425	21.10585	21.14803	21.22877	21.39026	21.54808	21.65086	21.81235	21.95916	22.06927	22.27847	22.44363
997.65976	20.90235	20.97576	21.03815	21.10608	21.14092	21.229	21.38682	21.54464	21.65475	21.80523	21.95204	22.05848	22.26401	22.43284
1000.16001	20.90264	20.97605	21.03477	21.10638	21.14121	21.22195	21.38344	21.54126	21.65138	21.80186	21.945	22.05878	22.26431	22.43314
1002.66026	20.89567	20.9654	21.03514	21.09573	21.13424	21.22232	21.3728	21.53062	21.64075	21.80591	21.94171	22.04815	22.26836	22.41884
1005.16051	20.89942	20.96915	21.03155	21.10315	21.13799	21.21873	21.37288	21.5307	21.64082	21.7913	21.93444	22.04088	22.25375	22.41157
1007.66076	20.89971	20.96945	21.03184	21.10345	21.13461	21.21902	21.36583	21.52365	21.63011	21.78426	21.91639	22.0265	22.23937	22.38985
1010.16101	20.91462	20.97702	21.03574	21.1	21.14585	21.22292	21.3734	21.52388	21.63401	21.78816	21.92396	22.02673	22.23226	22.38641
1012.66126	20.89651	20.96624	21.0323	21.09657	21.1314	21.21581	21.36996	21.52045	21.62321	21.77369	21.91682	22.01959	22.22512	22.37927
1015.16051	20.8968	20.96653	21.02525	21.08952	21.12068	21.2051	21.35557	21.50972	21.61983	21.7593	21.90244	22.00154	22.21074	22.36489
1017.66076	20.88608	20.96315	21.02555	21.08981	21.12464	21.19805	21.35954	21.51002	21.62013	21.76694	21.90641	22.00918	22.21104	22.36152
1020.16101	20.90466	20.96338	21.02945	21.09371	21.12121	21.20562	21.34876	21.50291	21.61669	21.7635	21.89196	22.00206	22.20393	22.35807
1022.66126	20.90855	20.97828	21.03701	21.0976	21.1251	21.20584	21.35999	21.50313	21.61324	21.76005	21.89585	21.99128	22.19681	22.34362
1025.16151	20.90511	20.98218	21.03724	21.09783	21.12532	21.20607	21.35655	21.50703	21.60613	21.75294	21.8814	21.98416	22.19337	22.33284
1027.66176	20.90907	20.97513	21.02652	21.09078	21.11093	21.19535	21.34583	21.49998	21.60276	21.7459	21.8817	21.98079	22.18265	22.32946
1030.16201	20.89828	20.97168	21.02306	21.08366	21.11115	21.19556	21.34604	21.49285	21.59197	21.73878	21.87091	21.97367	22.17554	22.31867
1032.66126	20.90577	20.96816	21.02322	21.08014	21.11497	21.18838	21.3462	21.48567	21.59212	21.73159	21.86739	21.96281	22.17202	22.3225
1035.16151	20.90614	20.97221	21.02359	21.09152	21.11535	21.19609	21.33923	21.4787	21.58882	21.72462	21.86409	21.96686	22.15037	22.29718
1037.66176	20.89903	20.9651	21.02015	21.08441	21.10824	21.18531	21.33212	21.47526	21.57436	21.7175	21.84963	21.94506	22.14692	22.29373
1040.16201	20.89925	20.96164	21.0167	21.08096	21.10845	21.1892	21.33233	21.47547	21.57457	21.71404	21.84617	21.94527	22.13979	22.2866
1042.66226	20.89956	20.97296	21.017	21.08127	21.11243	21.19317	21.32897	21.47578	21.5712	21.71067	21.83546	21.93456	22.13275	22.27222
1045.16251	20.89977	20.96217	21.02089	21.07414	21.10897	21.18238	21.32552	21.47233	21.56041	21.69621	21.83201	21.93111	22.12563	22.26877
1047.66276	20.90373	20.96613	21.02118	21.08177	21.10927	21.18267	21.32214	21.46895	21.56805	21.70752	21.83231	21.92407	22.12226	22.2654
1050.16201	20.9041	20.96283	21.02155	21.07847	21.1023	21.18304	21.32618	21.46932	21.56843	21.69689	21.83269	21.92444	22.11897	22.25843
1052.66226	20.90434	20.97407	21.02545	21.08972	21.11354	21.18694	21.33375	21.46221	21.55764	21.69344	21.82557	21.91733	22.10451	22.25499
1055.16251	20.9083	20.9707	21.02575	21.08634	21.11383	21.17623	21.31937	21.46251	21.55794	21.70108	21.8222	21.91762	22.10114	22.24061
1057.66276	20.90486	20.97093	21.02231	21.0829	21.10673	21.18013	21.31593	21.46274	21.54716	21.68662	21.81508	21.90684	22.09769	22.23716
1060.16301	20.89789	20.96763	21.01534	21.06125	21.08875	21.17316	21.3163	21.44843	21.54753	21.68333	21.80445	21.89987	22.08706	22.23019
1062.66326	20.8981	20.9605	21.01922	21.0688	21.09263	21.1697	21.30183	21.44497	21.54775	21.67254	21.801	21.88909	22.07627	22.21941
1065.16351	20.8984	20.95712	21.01218	21.06543	21.09659	21.16266	21.3058	21.4416	21.53704	21.66917	21.79396	21.88572	22.06556	22.21604
1067.66276	20.89504	20.96478	21.01249	21.06207	21.08956	21.16664	21.30244	21.42722	21.53734	21.66947	21.79793	21.88235	22.06953	22.20533
1070.16301	20.89525	20.95765	21.00903	21.06595	21.08978	21.15951	21.29898	21.43111	21.53022	21.66235	21.7798	21.86789	22.05874	22.19087
1072.66326	20.89923	20.9653	21.00934	21.05892	21.08642	21.15615	21.29562	21.42775	21.52318	21.65531	21.77643	21.85718	22.04803	22.1875
1075.16351	20.89945	20.95817	21.00956	21.06648	21.08296	21.16371	21.29584	21.4353	21.52706	21.66286	21.78398	21.86105	22.04456	22.18036
1077.66376	20.90341	20.96581	21.00985	21.07044	21.08692	21.15665	21.28878	21.42458	21.51635	21.64113	21.76592	21.85768	22.03018	22.16598
1080.16401	20.90364	20.96237	21.01375	21.06701	21.08716	21.15322	21.29269	21.42849	21.52024	21.64503	21.76248	21.8469	22.02674	22.16253
1082.66426	20.90761	20.96633	21.0067	21.0673	21.08011	21.15351	21.28564	21.42144	21.50953	21.63432	21.75911	21.84352	22.02704	22.15182
1085.16351	20.90415	20.96288	21.01059	21.06384	21.07665	21.14272	21.27485	21.41064	21.50241	21.6272	21.74832	21.84007	22.01258	22.14837
1087.66376	20.89345	20.95585	21.00723	21.05681	21.06962	21.1467	21.27148	21.40728	21.50272	21.63117	21.75229	21.83304	22.00921	22.14868
1090.16401	20.89734	20.95973	21.00377	21.05703	21.08085	21.14691	21.27904	21.40383	21.51028	21.6314	21.74517	21.83326	22.00209	22.13789
1092.66426	20.89396	20.95635	21.00039	21.05365	21.0738	21.14353	21.26832	21.39678	21.50324	21.61334	21.73446	21.8152	21.98771	22.13085
1095.16451	20.89786	20.94925	20.99696	21.05021	21.07036	21.13643	21.26856	21.38967	21.49612	21.62091	21.74203	21.81543	21.98793	22.12373
1097.66476	20.89815	20.95688	21.00459	21.06151	21.078	21.14406	21.27252	21.40098	21.49642	21.61387	21.72765	21.80839	21.98823	22.12036
1100.16501	20.90571	20.96811	21.01215	21.05072	21.07821	21.14795	21.27273	21.39752	21.48563	21.60675	21.7242	21.80495	21.97378	22.10957
1102.66426	20.89868	20.9574	21.00144	21.0547	21.07118	21.14091	21.26937	21.39416	21.48592	21.60337	21.72815	21.79789	21.96672	22.10252
1105.16451	20.90256	20.95028	21.00166	21.0439	21.06772	21.13379	21.26225	21.39071	21.4788	21.59625	21.71369	21.7871	21.96327	22.08806
1107.66476	20.89921	20.95059	21.00564	21.04788	21.06437	21.1341	21.26256	21.38735	21.47543	21.60388	21.71399	21.79841	21.9599	22.08836
1110.16501	20.89575	20.94713	20.99484	21.04443	21.06091	21.12697	21.2591	21.38022	21.47565	21.5931	21.71055	21.78395	21.94911	22.08491
1112.66526	20.89224	20.94729	20.99133	21.04458	21.05372	21.12346	21.24825	21.37304	21.46479	21.58591	21.69602	21.76942	21.94192	22.06671
1115.16551	20.89612	20.95484	20.99521	21.04113	21.05761	21.12734	21.2558	21.38059	21.46868	21.59347	21.69991	21.78065	21.94581	22.0706
1117.66576	20.89268	20.95141	21.00279	21.04503	21.05784	21.12758	21.25237	21.37348	21.46524	21.57902	21.70014	21.76987	21.93136	22.05615
1120.16501	20.90398	20.95903	20.99574	21.04532	21.0618	21.13521	21.25632	21.3701	21.46187	21.57932	21.68942	21.7665	21.92799	22.06012
1122.66526	20.8968	20.94818	20.99222	21.03446	21.05095	21.12802	21.24914	21.37026	21.46202	21.5758	21.67857	21.75564	21.92447	22.04192
1125.16551	20.90435	20.9484	20.99978	21.04936	21.04749	21.12457	21.25303	21.36313	21.4549	21.56868	21.66778	21.74485	21.91002	22.03847
1127.66576	20.90459	20.9523	20.99267	21.03858	21.05874	21.1248	21.24959	21.36704	21.45513	21.56524	21.66434	21.74508	21.89923	22.03136
1130.16601	20.90474	20.95612	21.00016	21.03874	21.05889	21.12862	21.24607	21.35985	21.44794	21.56172	21.6755	21.73789	21.90305	22.0205
1132.66626	20.90128	20.949	20.98937	21.03895	21.04075	21.11783	21.23895	21.35639	21.44816	21.5546	21.66471	21.73811	21.8996	22.02072
1135.16651	20.8941	20.94548	20.98218	21.03177	21.04091	21.11064	21.22809	21.34554	21.45198	21.54741	21.66486	21.73459	21.89608	22.02087
1137.66576	20.89431	20.9457	20.9824	21.03198	21.04112	21.10719	21.23197	21.34208	21.44854	21.55497	21.66141	21.73482	21.89264	22.01375
1140.16601	20.89094	20.94599	20.99003	21.03227	21.03774	21.11115	21.23594	21.34604	21.44884	21.55161	21.66171	21.72778	21.88193	21.99937
1142.66626	20.88742	20.94247	20.99019	21.03243	21.04524	21.10396	21.21774	21.33886	21.43796	21.53706	21.65083	21.72057	21.87839	21.99951
1145.16651	20.89131	20.94269	20.98673	21.03264	21.04546	21.10418	21.21796	21.33907	21.43084	21.54095	21.64372	21.71712	21.8676	21.98505
1147.66676	20.89888	20.94659	20.98696	21.02921	21.03468	21.10808	21.21819	21.33931	21.4274	21.53016	21.63293	21.70634	21.86416	21.97426
1150.16701	20.89536	20.94674	20.98711	21.02202	21.03116	21.10089	21.21834	21.32845	21.42755	21.52664	21.63675	21.70649	21.8533	21.97074
1152.66726	20.90292	20.95797	20.991	21.03325	21.04606	21.10845	21.2259	21.33968	21.41309	21.51953	21.61862	21.6957	21.84251	21.96363
1155.16651	20.90299	20.95438	20.99475	21.03332	21.03879	21.10485	21.21863	21.33608	21.41317	21.52327	21.62604	21.68109	21.83525	21.95269
1157.66676	20.89956	20.95094	20.99131	21.02621	21.03169	21.10509	21.2152	21.33264	21.40238	21.51248	21.61158	21.68132	21.8318	21.94557
1160.16701	20.89602	20.9364	20.98411	21.02268	21.03916	21.10523	21.20799	21.32911	21.41354	21.52732	21.61908	21.68514	21.83562	21.94573
1162.66726	20.89625	20.94764	20.98434	21.02658	21.03205	21.09812	21.2119	21.322	21.4101	21.50919	21.60462	21.67435	21.81382	21.93494
1165.16751	20.8928	20.94051	20.98088	21.01195	21.0286	21.09833	21.20844	21.32222	21.40298	21.50575	21.61218	21.66357	21.81772	21.92782
1167.66776	20.89662	20.94801	20.98838	21.02328	21.03609	21.10216	21.2196	21.3187	21.39946	21.50223	21.59399	21.66739	21.80686	21.92798
1170.16801	20.89678	20.95183	20.98853	21.01974	21.02891	21.09497	21.20875	21.31886	21.40328	21.50605	21.60514	21.66387	21.81068	21.9318
1172.66726	20.8859	20.92995	20.97399	21.01241	21.0217	21.08777	21.1942	21.30798	21.39976	21.49885	21.59061	21.65668	21.79614	21.92093
1175.16751	20.90441	20.95212	20.98883	21.02003	21.03287	21.09526	21.2017	21.31181	21.39624	21.49534	21.58709	21.65316	21.79263	21.91007
1177.66776	20.90096	20.94867	20.98537	21.02025	21.02942	21.09548	21.20192	21.31569	21.39279	21.48822	21.58731	21.64237	21.78551	21.90296
1180.168	20.90119	20.94523	20.98193	21.02049	21.02964	21.08837	21.20214	21.30124	21.39667	21.4921	21.59119	21.64992	21.78572	21.90683
1182.66826	20.9674	20.97108	20.98942	21.02064	21.0298	21.09953	21.19863	21.30874	21.39682	21.48491	21.58767	21.63539	21.77852	21.8923
